{
 "cells": [
  {
   "cell_type": "markdown",
   "metadata": {},
   "source": [
    "# Preprocessing with NumPy"
   ]
  },
  {
   "cell_type": "code",
   "execution_count": 29,
   "metadata": {},
   "outputs": [],
   "source": [
    "import numpy as np\n",
    "np.set_printoptions(suppress = True)"
   ]
  },
  {
   "cell_type": "markdown",
   "metadata": {},
   "source": [
    "## Checking for Missing Values\n",
    "- Missing values can be checked with the help of loadtxt function.\n",
    "- They can also be checked with np.isnan() function. It returns true for NaN values if there and we can sum that array up."
   ]
  },
  {
   "cell_type": "code",
   "execution_count": 30,
   "metadata": {},
   "outputs": [
    {
     "data": {
      "text/plain": [
       "array([[ 2000.,    40.,   365.,  3121.,  4241., 13621.],\n",
       "       [ 2000.,    40.,   365.,  3061.,  4171., 15041.],\n",
       "       [ 1000.,    40.,   365.,  2160.,  3280., 15340.],\n",
       "       ...,\n",
       "       [ 2000.,    40.,   365.,  4201.,  5001., 16600.],\n",
       "       [ 1000.,    40.,   365.,  2080.,  3320., 15600.],\n",
       "       [ 2000.,    40.,   365.,  4601.,  4601., 16600.]])"
      ]
     },
     "execution_count": 30,
     "metadata": {},
     "output_type": "execute_result"
    }
   ],
   "source": [
    "# This load function works on the files with only numeric values, by default, so if there are missing values we will come \n",
    "# to know by the error that will be produced.\n",
    "lending_co_numeric = np.loadtxt(\"./Data/Lending-company-Numeric.csv\",delimiter = ',')\n",
    "lending_co_numeric"
   ]
  },
  {
   "cell_type": "code",
   "execution_count": 31,
   "metadata": {},
   "outputs": [
    {
     "data": {
      "text/plain": [
       "array([[ 2000.,    40.,   365.,  3121.,  4241., 13621.],\n",
       "       [ 2000.,    40.,   365.,  3061.,  4171., 15041.],\n",
       "       [ 1000.,    40.,   365.,  2160.,  3280., 15340.],\n",
       "       ...,\n",
       "       [   nan,    40.,   365.,  4201.,  5001., 16600.],\n",
       "       [ 1000.,    40.,   365.,  2080.,  3320., 15600.],\n",
       "       [ 2000.,    40.,   365.,  4601.,  4601., 16600.]])"
      ]
     },
     "execution_count": 31,
     "metadata": {},
     "output_type": "execute_result"
    }
   ],
   "source": [
    "# lending_co_numeric_NaN = np.loadtxt(\"./Data/Lending-company-Numeric-NAN.csv\",delimiter = ';') # Will return an error\n",
    "lending_co_numeric_NaN = np.genfromtxt(\"./Data/Lending-company-Numeric-NAN.csv\",delimiter = ';')\n",
    "lending_co_numeric_NaN"
   ]
  },
  {
   "cell_type": "code",
   "execution_count": 32,
   "metadata": {},
   "outputs": [
    {
     "name": "stdout",
     "output_type": "stream",
     "text": [
      "Sum of NaN values is 0\n",
      "Sum of NaN values is 260\n"
     ]
    }
   ],
   "source": [
    "# np.isnan() method returns an array of True or bool(1) for all the missing values. So if we add them and there are missing \n",
    "# values the sum will always be greater than 0, else the sum will be 0.\n",
    "print(f\"Sum of NaN values is {np.isnan(lending_co_numeric).sum()}\")\n",
    "print(f\"Sum of NaN values is {np.isnan(lending_co_numeric_NaN).sum()}\")\n",
    "# In the NaN file there are 260 missing values."
   ]
  },
  {
   "cell_type": "markdown",
   "metadata": {},
   "source": [
    "# Filling of Missing Values.\n",
    "- We fill the missing values with the help up of fill_values parameter of the importing function of genfromtxt.\n",
    "- This will fill all the missing values with a single value, but this function works on all column at once, not on the individual columns, we need to workaround with usecols.\n",
    "- We fill with a value that is not present in the dataset or that doesn't alter the distribution much. Filling a 0 is not much of a sense so we will fill it with a value greater than the max of the dataset.\n",
    "- However filling the dataset with a value greater than the max for all missing values, does alter the mean of the individual columns and the filler value may act as an outlier for the column so we use another filler values for each individual columns and thus we use the np.where() function."
   ]
  },
  {
   "cell_type": "code",
   "execution_count": 88,
   "metadata": {},
   "outputs": [
    {
     "name": "stdout",
     "output_type": "stream",
     "text": [
      "64001.0\n"
     ]
    },
    {
     "data": {
      "text/plain": [
       "array([[ 2000.,    40.,   365.,  3121.,  4241., 13621.],\n",
       "       [ 2000.,    40.,   365.,  3061.,  4171., 15041.],\n",
       "       [ 1000.,    40.,   365.,  2160.,  3280., 15340.],\n",
       "       ...,\n",
       "       [   nan,    40.,   365.,  4201.,  5001., 16600.],\n",
       "       [ 1000.,    40.,   365.,  2080.,  3320., 15600.],\n",
       "       [ 2000.,    40.,   365.,  4601.,  4601., 16600.]])"
      ]
     },
     "execution_count": 88,
     "metadata": {},
     "output_type": "execute_result"
    }
   ],
   "source": [
    "lending_co_numeric_without_fill = np.genfromtxt(\"./Data/Lending-company-Numeric-NAN.csv\",\n",
    "                                        delimiter = ';')\n",
    "max_fill = np.nanmax(lending_co_numeric_fill)\n",
    "print(max_fill)\n",
    "lending_co_numeric_without_fill"
   ]
  },
  {
   "cell_type": "code",
   "execution_count": 89,
   "metadata": {},
   "outputs": [
    {
     "name": "stdout",
     "output_type": "stream",
     "text": [
      "2250.2477700693757\n"
     ]
    }
   ],
   "source": [
    "# Mean for column before filler values.\n",
    "temp_mean = np.nanmean(lending_co_numeric_fill[:,0])\n",
    "print(temp_mean)"
   ]
  },
  {
   "cell_type": "markdown",
   "metadata": {},
   "source": [
    "## Substituting Missing Values"
   ]
  },
  {
   "cell_type": "code",
   "execution_count": 394,
   "metadata": {},
   "outputs": [
    {
     "name": "stdout",
     "output_type": "stream",
     "text": [
      "4263.28092042186\n"
     ]
    }
   ],
   "source": [
    "# Mean after filling the max value of the dataset.\n",
    "lending_co_numeric_fill = np.genfromtxt(\"./Data/Lending-company-Numeric-NAN.csv\",\n",
    "                                        delimiter = ';',\n",
    "                                        filling_values=max_fill+1)\n",
    "# Mean for column before filler values.\n",
    "temp_mean = np.nanmean(lending_co_numeric_fill[:,0])\n",
    "print(temp_mean) \n",
    "# Thus the filler value changes the  mean totally, so we need to put a value as mean of that particular column."
   ]
  },
  {
   "cell_type": "code",
   "execution_count": 395,
   "metadata": {},
   "outputs": [
    {
     "data": {
      "text/plain": [
       "2250.2478427612655"
      ]
     },
     "execution_count": 395,
     "metadata": {},
     "output_type": "execute_result"
    }
   ],
   "source": [
    "# Using the dataset with max_fill as nan values so that it can be used in the np.where() for applying condition.\n",
    "\n",
    "# Creating temperory mean for every column \n",
    "temp_mean = np.nanmean(lending_co_numeric_without_fill,axis = 0).round(2)\n",
    "\n",
    "# Substituting the NaN values in a particular column with the mean of the column values itself.\n",
    "for i in range((lending_co_numeric_fill.shape[1])):\n",
    "    lending_co_numeric_fill[:,i] = np.where(lending_co_numeric_fill[:,i]==(max_fill+1),\n",
    "                                            temp_mean[i],\n",
    "                                            lending_co_numeric_fill[:,i])\n",
    "    \n",
    "#Checking the mean after filling each collumns own mean.\n",
    "np.mean(lending_co_numeric_fill[:,0]) # It comes inline with mean of the column, thus nature of data remains same.\n",
    "# We can also fill the values with mode, median etc."
   ]
  },
  {
   "cell_type": "code",
   "execution_count": 396,
   "metadata": {},
   "outputs": [
    {
     "data": {
      "text/plain": [
       "array([], shape=(0, 6), dtype=float64)"
      ]
     },
     "execution_count": 396,
     "metadata": {},
     "output_type": "execute_result"
    }
   ],
   "source": [
    "lending_co_numeric_fill[(lending_co_numeric_fill[:,0])==np.nan]"
   ]
  },
  {
   "cell_type": "markdown",
   "metadata": {},
   "source": [
    "## Reshaping\n",
    "- This is a quite useful feature to be done in data manipulation, because certain functions or methods only work on specific size of arrays that requires reshaping an array.\n",
    "- In reshaping remember that the product of the dimensions need to be conserved always.\n",
    "- Remember the reshape function doesn't change the original array instead it returns a new object with the made changes."
   ]
  },
  {
   "cell_type": "code",
   "execution_count": 100,
   "metadata": {},
   "outputs": [
    {
     "data": {
      "text/plain": [
       "array([[ 2000.,    40.,   365.,  3121.,  4241., 13621.],\n",
       "       [ 2000.,    40.,   365.,  3061.,  4171., 15041.],\n",
       "       [ 1000.,    40.,   365.,  2160.,  3280., 15340.],\n",
       "       ...,\n",
       "       [ 2000.,    40.,   365.,  4201.,  5001., 16600.],\n",
       "       [ 1000.,    40.,   365.,  2080.,  3320., 15600.],\n",
       "       [ 2000.,    40.,   365.,  4601.,  4601., 16600.]])"
      ]
     },
     "execution_count": 100,
     "metadata": {},
     "output_type": "execute_result"
    }
   ],
   "source": [
    "lending_co_numeric = np.loadtxt('./Data/Lending-company-Numeric.csv',delimiter=',')\n",
    "lending_co_numeric"
   ]
  },
  {
   "cell_type": "code",
   "execution_count": 101,
   "metadata": {},
   "outputs": [
    {
     "data": {
      "text/plain": [
       "(1043, 6)"
      ]
     },
     "execution_count": 101,
     "metadata": {},
     "output_type": "execute_result"
    }
   ],
   "source": [
    "# Knowing the shape of the original array.\n",
    "lending_co_numeric.shape"
   ]
  },
  {
   "cell_type": "code",
   "execution_count": 103,
   "metadata": {},
   "outputs": [
    {
     "data": {
      "text/plain": [
       "array([[ 2000.,    40.,   365.,  3121.,  4241., 13621.],\n",
       "       [ 2000.,    40.,   365.,  3061.,  4171., 15041.],\n",
       "       [ 1000.,    40.,   365.,  2160.,  3280., 15340.],\n",
       "       ...,\n",
       "       [ 2000.,    40.,   365.,  4201.,  5001., 16600.],\n",
       "       [ 1000.,    40.,   365.,  2080.,  3320., 15600.],\n",
       "       [ 2000.,    40.,   365.,  4601.,  4601., 16600.]])"
      ]
     },
     "execution_count": 103,
     "metadata": {},
     "output_type": "execute_result"
    }
   ],
   "source": [
    "# Changing the shape with reshape function.\n",
    "np.reshape(lending_co_numeric,(6,1043))\n",
    "# Doing this doesn't transpose the matrix, just it takes first 1043 values and puts it in first row, and continues this \n",
    "# operation for the next consecutive 1043 elements."
   ]
  },
  {
   "cell_type": "code",
   "execution_count": 106,
   "metadata": {
    "scrolled": true
   },
   "outputs": [
    {
     "name": "stdout",
     "output_type": "stream",
     "text": [
      "(6, 1043)\n"
     ]
    }
   ],
   "source": [
    "# Transpose is used to get the transpose of the matrix.\n",
    "np.transpose(lending_co_numeric)\n",
    "print(np.transpose(lending_co_numeric).shape)"
   ]
  },
  {
   "cell_type": "code",
   "execution_count": 108,
   "metadata": {},
   "outputs": [
    {
     "data": {
      "text/plain": [
       "array([[[ 2000.,    40.,   365., ...,   365.,  1581.,  3041.],\n",
       "        [12277.,  2000.,    40., ...,    50.,   365.,  5350.]],\n",
       "\n",
       "       [[ 6850., 15150.,  1000., ...,  2000.,    40.,   365.],\n",
       "        [ 3101.,  4351., 16600., ..., 16600.,  2000.,    40.]],\n",
       "\n",
       "       [[  365.,  3441.,  4661., ...,  8450., 22250.,  2000.],\n",
       "        [   40.,   365.,  3701., ...,  4601.,  4601., 16600.]]])"
      ]
     },
     "execution_count": 108,
     "metadata": {},
     "output_type": "execute_result"
    }
   ],
   "source": [
    "np.reshape(lending_co_numeric,(3,2,1043)) # Creating a 3D array."
   ]
  },
  {
   "cell_type": "code",
   "execution_count": 110,
   "metadata": {
    "scrolled": true
   },
   "outputs": [
    {
     "data": {
      "text/plain": [
       "array([[[[[[[ 2000.,    40.,   365., ...,   365.,  1581.,  3041.],\n",
       "            [12277.,  2000.,    40., ...,    50.,   365.,  5350.]],\n",
       "\n",
       "           [[ 6850., 15150.,  1000., ...,  2000.,    40.,   365.],\n",
       "            [ 3101.,  4351., 16600., ..., 16600.,  2000.,    40.]],\n",
       "\n",
       "           [[  365.,  3441.,  4661., ...,  8450., 22250.,  2000.],\n",
       "            [   40.,   365.,  3701., ...,  4601.,  4601., 16600.]]]]]]])"
      ]
     },
     "execution_count": 110,
     "metadata": {},
     "output_type": "execute_result"
    }
   ],
   "source": [
    "np.reshape(lending_co_numeric,(1,1,1,1,3,2,1043))\n",
    "# We can create any dimensional array with reshape, and sometimes we can increase dimension with adding extra ones.\n",
    "# We can know dimension by the no. of brackets at the start and end of bracket."
   ]
  },
  {
   "cell_type": "markdown",
   "metadata": {},
   "source": [
    "## Removing Values\n",
    "- For removing the columns or the rows we will use the np.delete() function.\n",
    "- Using np.delete() function removes the values after they are loaded."
   ]
  },
  {
   "cell_type": "code",
   "execution_count": 112,
   "metadata": {},
   "outputs": [
    {
     "data": {
      "text/plain": [
       "array([[ 2000.,    40.,   365.,  3121.,  4241., 13621.],\n",
       "       [ 2000.,    40.,   365.,  3061.,  4171., 15041.],\n",
       "       [ 1000.,    40.,   365.,  2160.,  3280., 15340.],\n",
       "       ...,\n",
       "       [ 2000.,    40.,   365.,  4201.,  5001., 16600.],\n",
       "       [ 1000.,    40.,   365.,  2080.,  3320., 15600.],\n",
       "       [ 2000.,    40.,   365.,  4601.,  4601., 16600.]])"
      ]
     },
     "execution_count": 112,
     "metadata": {},
     "output_type": "execute_result"
    }
   ],
   "source": [
    "# Loading the database.\n",
    "lending_co_numeric = np.loadtxt(\"./Data/Lending-company-Numeric.csv\",delimiter = ',')\n",
    "lending_co_numeric"
   ]
  },
  {
   "cell_type": "code",
   "execution_count": 114,
   "metadata": {},
   "outputs": [
    {
     "data": {
      "text/plain": [
       "array([   40.,   365.,  3121., ...,  4601.,  4601., 16600.])"
      ]
     },
     "execution_count": 114,
     "metadata": {},
     "output_type": "execute_result"
    }
   ],
   "source": [
    "np.delete(lending_co_numeric, 0, axis = None)\n",
    "# When the axis is none the array is treated as the flat array and entrys with the specified index are deleted."
   ]
  },
  {
   "cell_type": "code",
   "execution_count": 117,
   "metadata": {},
   "outputs": [
    {
     "data": {
      "text/plain": [
       "array([[   40.,   365.,  3121.,  4241., 13621.],\n",
       "       [   40.,   365.,  3061.,  4171., 15041.],\n",
       "       [   40.,   365.,  2160.,  3280., 15340.],\n",
       "       ...,\n",
       "       [   40.,   365.,  4201.,  5001., 16600.],\n",
       "       [   40.,   365.,  2080.,  3320., 15600.],\n",
       "       [   40.,   365.,  4601.,  4601., 16600.]])"
      ]
     },
     "execution_count": 117,
     "metadata": {},
     "output_type": "execute_result"
    }
   ],
   "source": [
    "np.delete(lending_co_numeric,0,axis = 1)\n",
    "# With this we will be deleting the 1st column of the array."
   ]
  },
  {
   "cell_type": "code",
   "execution_count": 122,
   "metadata": {},
   "outputs": [
    {
     "data": {
      "text/plain": [
       "array([[  40., 3061., 4171.],\n",
       "       [  40., 2160., 3280.],\n",
       "       [  40., 3041., 4241.],\n",
       "       ...,\n",
       "       [  40., 4240., 5440.],\n",
       "       [  40., 4201., 5001.],\n",
       "       [  40., 2080., 3320.]])"
      ]
     },
     "execution_count": 122,
     "metadata": {},
     "output_type": "execute_result"
    }
   ],
   "source": [
    "np.delete(np.delete(lending_co_numeric,(0,2,5),axis = 1),(0,-1),axis = 0)\n",
    "# This will delete the given 1,3,6 columns first and then delete the rows from the edited matrix."
   ]
  },
  {
   "cell_type": "markdown",
   "metadata": {},
   "source": [
    "## Sorting Data\n",
    "- With the np.sort() function we can sort a given array. \n",
    "- The result changes with the axis that are provided as the input.\n",
    "- By default the sorting occurs in the ascending manner and to get descending order there is a workaround without a parameter."
   ]
  },
  {
   "cell_type": "code",
   "execution_count": 139,
   "metadata": {},
   "outputs": [
    {
     "data": {
      "text/plain": [
       "array([[1, 2, 3, 4],\n",
       "       [0, 1, 0, 1],\n",
       "       [0, 1, 2, 1]])"
      ]
     },
     "execution_count": 139,
     "metadata": {},
     "output_type": "execute_result"
    }
   ],
   "source": [
    "array_a = np.array([[1,2,3,4],[0,1,0,1],[0,1,2,1]])\n",
    "array_a"
   ]
  },
  {
   "cell_type": "code",
   "execution_count": 140,
   "metadata": {},
   "outputs": [
    {
     "data": {
      "text/plain": [
       "(3, 4)"
      ]
     },
     "execution_count": 140,
     "metadata": {},
     "output_type": "execute_result"
    }
   ],
   "source": [
    "np.sort(array_a) #By default the axis is -1, which is equivalent to slicing -1. This will choose the last dimension for \n",
    "# sorting which is of column of the array. So the data is sorted in each individual row.\n",
    "np.sort(array_a).shape"
   ]
  },
  {
   "cell_type": "code",
   "execution_count": 141,
   "metadata": {},
   "outputs": [
    {
     "data": {
      "text/plain": [
       "(3, 4)"
      ]
     },
     "execution_count": 141,
     "metadata": {},
     "output_type": "execute_result"
    }
   ],
   "source": [
    "np.sort(array_a, axis = 0)\n",
    "array_a.shape # Sorting doesn't change the shape of the array."
   ]
  },
  {
   "cell_type": "code",
   "execution_count": 142,
   "metadata": {},
   "outputs": [
    {
     "data": {
      "text/plain": [
       "array([0, 0, 0, 1, 1, 1, 1, 1, 2, 2, 3, 4])"
      ]
     },
     "execution_count": 142,
     "metadata": {},
     "output_type": "execute_result"
    }
   ],
   "source": [
    "np.sort(array_a.flat)"
   ]
  },
  {
   "cell_type": "code",
   "execution_count": 143,
   "metadata": {},
   "outputs": [
    {
     "data": {
      "text/plain": [
       "array([[4, 3, 2, 1],\n",
       "       [1, 1, 0, 0],\n",
       "       [2, 1, 1, 0]])"
      ]
     },
     "execution_count": 143,
     "metadata": {},
     "output_type": "execute_result"
    }
   ],
   "source": [
    "-np.sort(-array_a,axis = 1) # This sorts the data in descending or the decreasing order."
   ]
  },
  {
   "cell_type": "code",
   "execution_count": 144,
   "metadata": {},
   "outputs": [
    {
     "data": {
      "text/plain": [
       "array([[1, 2, 3, 4],\n",
       "       [0, 1, 2, 1],\n",
       "       [0, 1, 0, 1]])"
      ]
     },
     "execution_count": 144,
     "metadata": {},
     "output_type": "execute_result"
    }
   ],
   "source": [
    "-np.sort(-array_a,axis = 0) # This sorts the array row wise in individual columns."
   ]
  },
  {
   "cell_type": "code",
   "execution_count": 145,
   "metadata": {},
   "outputs": [
    {
     "data": {
      "text/plain": [
       "array([[1, 2, 3, 4],\n",
       "       [0, 1, 0, 1],\n",
       "       [0, 1, 2, 1]])"
      ]
     },
     "execution_count": 145,
     "metadata": {},
     "output_type": "execute_result"
    }
   ],
   "source": [
    "array_a #Above functions doesn't do the sorting inplace."
   ]
  },
  {
   "cell_type": "code",
   "execution_count": 147,
   "metadata": {},
   "outputs": [
    {
     "data": {
      "text/plain": [
       "array([[1, 2, 3, 4],\n",
       "       [0, 0, 1, 1],\n",
       "       [0, 1, 1, 2]])"
      ]
     },
     "execution_count": 147,
     "metadata": {},
     "output_type": "execute_result"
    }
   ],
   "source": [
    "array_a.sort(axis = 1) #This function does the sorting in place adn changes the dataset.\n",
    "array_a"
   ]
  },
  {
   "cell_type": "code",
   "execution_count": 137,
   "metadata": {},
   "outputs": [],
   "source": [
    "# Similar bits can be worked out with the lending_co_numeric array."
   ]
  },
  {
   "cell_type": "markdown",
   "metadata": {},
   "source": [
    "## Argument Functions\n",
    "- np.argsort() is similar to the sort function, but instead of showing the sorted values in output it shows the sorted index of the values in the output."
   ]
  },
  {
   "cell_type": "markdown",
   "metadata": {},
   "source": [
    "### np.argsort()"
   ]
  },
  {
   "cell_type": "code",
   "execution_count": 176,
   "metadata": {},
   "outputs": [
    {
     "data": {
      "text/plain": [
       "array([[5, 7, 6, 9],\n",
       "       [0, 1, 0, 5],\n",
       "       [0, 3, 6, 1]])"
      ]
     },
     "execution_count": 176,
     "metadata": {},
     "output_type": "execute_result"
    }
   ],
   "source": [
    "array_a = np.array([[5,7,6,9],[0,1,0,5],[0,3,6,1]])\n",
    "array_a"
   ]
  },
  {
   "cell_type": "code",
   "execution_count": 177,
   "metadata": {},
   "outputs": [
    {
     "data": {
      "text/plain": [
       "array([[0, 2, 1, 3],\n",
       "       [0, 2, 1, 3],\n",
       "       [0, 3, 1, 2]], dtype=int64)"
      ]
     },
     "execution_count": 177,
     "metadata": {},
     "output_type": "execute_result"
    }
   ],
   "source": [
    "np.argsort(array_a,axis = 1)\n",
    "# For first row, element with 2th index in original array i.e. 6 will come to 1th index in sorted array, likewise element\n",
    "# with 1th index in original array i.e. 7 will come to 2th index in the sorted array.\n",
    "# Similar thing will happen for all the array elements per row."
   ]
  },
  {
   "cell_type": "code",
   "execution_count": 181,
   "metadata": {},
   "outputs": [],
   "source": [
    "# This will sort the whole array by particular columns by using conditional slicing.\n",
    "# Its like slicing one column and then making changes on the rest of columns as well.\n",
    "# We can only use the argsort not sort function cause argsort gives indices, while the sort does not.\n",
    "array_b = array_a[np.argsort(array_a[:,3],axis = 0)]"
   ]
  },
  {
   "cell_type": "code",
   "execution_count": 182,
   "metadata": {},
   "outputs": [
    {
     "data": {
      "text/plain": [
       "array([[0, 3, 6, 1],\n",
       "       [0, 1, 0, 5],\n",
       "       [5, 7, 6, 9]])"
      ]
     },
     "execution_count": 182,
     "metadata": {},
     "output_type": "execute_result"
    }
   ],
   "source": [
    "array_b"
   ]
  },
  {
   "cell_type": "code",
   "execution_count": 183,
   "metadata": {},
   "outputs": [
    {
     "data": {
      "text/plain": [
       "array([[5, 7, 6, 9],\n",
       "       [0, 1, 0, 5],\n",
       "       [0, 3, 6, 1]])"
      ]
     },
     "execution_count": 183,
     "metadata": {},
     "output_type": "execute_result"
    }
   ],
   "source": [
    "array_a"
   ]
  },
  {
   "cell_type": "code",
   "execution_count": 187,
   "metadata": {},
   "outputs": [
    {
     "data": {
      "text/plain": [
       "array([[0, 2, 1, 3],\n",
       "       [0, 2, 1, 3],\n",
       "       [0, 3, 1, 2]], dtype=int64)"
      ]
     },
     "execution_count": 187,
     "metadata": {},
     "output_type": "execute_result"
    }
   ],
   "source": [
    "array_a.argsort() # This doesn't do the inplace sorting as the ndarray.sort() does.."
   ]
  },
  {
   "cell_type": "code",
   "execution_count": 185,
   "metadata": {},
   "outputs": [
    {
     "data": {
      "text/plain": [
       "array([[5, 7, 6, 9],\n",
       "       [0, 1, 0, 5],\n",
       "       [0, 3, 6, 1]])"
      ]
     },
     "execution_count": 185,
     "metadata": {},
     "output_type": "execute_result"
    }
   ],
   "source": [
    "array_a"
   ]
  },
  {
   "cell_type": "markdown",
   "metadata": {},
   "source": [
    "### np.argwhere()\n",
    "- This is also a function which returns an array of indices of the elements of the array.\n",
    "- The default condition in the block is checking whether the element is 0 or not. True is return when the element is non-zero.\n",
    "- We can also specify different condition as we like.\n",
    "- We can change the missing values in this way for an ndarray."
   ]
  },
  {
   "cell_type": "code",
   "execution_count": 189,
   "metadata": {},
   "outputs": [
    {
     "data": {
      "text/plain": [
       "array([[ 2000.,    40.,   365.,  3121.,  4241., 13621.],\n",
       "       [ 2000.,    40.,   365.,  3061.,  4171., 15041.],\n",
       "       [ 1000.,    40.,   365.,  2160.,  3280., 15340.],\n",
       "       ...,\n",
       "       [   nan,    40.,   365.,  4201.,  5001., 16600.],\n",
       "       [ 1000.,    40.,   365.,  2080.,  3320., 15600.],\n",
       "       [ 2000.,    40.,   365.,  4601.,  4601., 16600.]])"
      ]
     },
     "execution_count": 189,
     "metadata": {},
     "output_type": "execute_result"
    }
   ],
   "source": [
    "lending_co_numeric_NaN = np.genfromtxt('./Data/Lending-company-Numeric-NAN.csv',delimiter = ';')\n",
    "lending_co_numeric_NaN"
   ]
  },
  {
   "cell_type": "code",
   "execution_count": 191,
   "metadata": {},
   "outputs": [
    {
     "data": {
      "text/plain": [
       "260"
      ]
     },
     "execution_count": 191,
     "metadata": {},
     "output_type": "execute_result"
    }
   ],
   "source": [
    "np.isnan(lending_co_numeric_NaN).sum() # There are total 260 missing values in the array."
   ]
  },
  {
   "cell_type": "code",
   "execution_count": 192,
   "metadata": {},
   "outputs": [
    {
     "data": {
      "text/plain": [
       "array([[   0,    0],\n",
       "       [   0,    1],\n",
       "       [   0,    2],\n",
       "       ...,\n",
       "       [1042,    3],\n",
       "       [1042,    4],\n",
       "       [1042,    5]], dtype=int64)"
      ]
     },
     "execution_count": 192,
     "metadata": {},
     "output_type": "execute_result"
    }
   ],
   "source": [
    "np.argwhere(lending_co_numeric_NaN) # Since we have a 2D array we get those positions where we have non-Zero values.\n",
    "# There is no axis function here and this is the way how it works."
   ]
  },
  {
   "cell_type": "code",
   "execution_count": 193,
   "metadata": {},
   "outputs": [
    {
     "data": {
      "text/plain": [
       "(array([   0,    0,    0, ..., 1042, 1042, 1042], dtype=int64),\n",
       " array([0, 1, 2, ..., 3, 4, 5], dtype=int64))"
      ]
     },
     "execution_count": 193,
     "metadata": {},
     "output_type": "execute_result"
    }
   ],
   "source": [
    "np.where(lending_co_numeric_NaN) #This where function also returns indices where the values are non-zero just the row\n",
    "# index are given in the first array while the column index are given in the second array."
   ]
  },
  {
   "cell_type": "code",
   "execution_count": 194,
   "metadata": {},
   "outputs": [
    {
     "data": {
      "text/plain": [
       "array([[5, 7, 6, 9],\n",
       "       [0, 1, 0, 5],\n",
       "       [0, 3, 6, 1]])"
      ]
     },
     "execution_count": 194,
     "metadata": {},
     "output_type": "execute_result"
    }
   ],
   "source": [
    "array_a"
   ]
  },
  {
   "cell_type": "code",
   "execution_count": 195,
   "metadata": {},
   "outputs": [
    {
     "data": {
      "text/plain": [
       "(array([0, 0, 0, 0, 1, 1, 2, 2, 2], dtype=int64),\n",
       " array([0, 1, 2, 3, 1, 3, 1, 2, 3], dtype=int64))"
      ]
     },
     "execution_count": 195,
     "metadata": {},
     "output_type": "execute_result"
    }
   ],
   "source": [
    "np.where(array_a)"
   ]
  },
  {
   "cell_type": "code",
   "execution_count": 196,
   "metadata": {
    "scrolled": true
   },
   "outputs": [
    {
     "data": {
      "text/plain": [
       "array([[1, 0],\n",
       "       [1, 2],\n",
       "       [2, 0]], dtype=int64)"
      ]
     },
     "execution_count": 196,
     "metadata": {},
     "output_type": "execute_result"
    }
   ],
   "source": [
    "# We can change the condition to obtain the positions in 2D array where the values are 0\n",
    "np.argwhere(array_a == False)"
   ]
  },
  {
   "cell_type": "code",
   "execution_count": 199,
   "metadata": {},
   "outputs": [
    {
     "data": {
      "text/plain": [
       "array([[1, 0],\n",
       "       [1, 2],\n",
       "       [2, 0]], dtype=int64)"
      ]
     },
     "execution_count": 199,
     "metadata": {},
     "output_type": "execute_result"
    }
   ],
   "source": [
    "np.argwhere(array_a == False) # In argwhere we cant' give the value to be given in the position, like we can give in where."
   ]
  },
  {
   "cell_type": "code",
   "execution_count": 205,
   "metadata": {},
   "outputs": [],
   "source": [
    "# To alter the value at those indices...we use a for loop.\n",
    "for i in np.argwhere(array_a == False):\n",
    "    array_a[i[0],i[1]] = 23"
   ]
  },
  {
   "cell_type": "code",
   "execution_count": 206,
   "metadata": {},
   "outputs": [
    {
     "data": {
      "text/plain": [
       "array([[ 5,  7,  6,  9],\n",
       "       [23,  1, 23,  5],\n",
       "       [23,  3,  6,  1]])"
      ]
     },
     "execution_count": 206,
     "metadata": {},
     "output_type": "execute_result"
    }
   ],
   "source": [
    "array_a # So we have replaced the 0 values from our array."
   ]
  },
  {
   "cell_type": "code",
   "execution_count": 207,
   "metadata": {},
   "outputs": [],
   "source": [
    "# Combining np.isnan and np.argwhere to replace the NaN values in an array.\n",
    "# np.isnan() creates an array with true values in the place where there are missing values.\n",
    "# So applying np.isnan() on an array and then putting it in np.argwhere will give the positions of indices which are \n",
    "# true as per the np.isnan() function. These are those values which are missing, so by default we will get the positions \n",
    "# of those arrays which are actually missing."
   ]
  },
  {
   "cell_type": "code",
   "execution_count": 208,
   "metadata": {},
   "outputs": [
    {
     "data": {
      "text/plain": [
       "array([[ 2000.,    40.,   365.,  3121.,  4241., 13621.],\n",
       "       [ 2000.,    40.,   365.,  3061.,  4171., 15041.],\n",
       "       [ 1000.,    40.,   365.,  2160.,  3280., 15340.],\n",
       "       ...,\n",
       "       [   nan,    40.,   365.,  4201.,  5001., 16600.],\n",
       "       [ 1000.,    40.,   365.,  2080.,  3320., 15600.],\n",
       "       [ 2000.,    40.,   365.,  4601.,  4601., 16600.]])"
      ]
     },
     "execution_count": 208,
     "metadata": {},
     "output_type": "execute_result"
    }
   ],
   "source": [
    "lending_co_numeric_NaN"
   ]
  },
  {
   "cell_type": "code",
   "execution_count": 211,
   "metadata": {},
   "outputs": [],
   "source": [
    "for i in np.argwhere(np.isnan(lending_co_numeric_NaN)):\n",
    "    lending_co_numeric_NaN[i[0],i[1]] = 0"
   ]
  },
  {
   "cell_type": "code",
   "execution_count": 212,
   "metadata": {},
   "outputs": [
    {
     "data": {
      "text/plain": [
       "0"
      ]
     },
     "execution_count": 212,
     "metadata": {},
     "output_type": "execute_result"
    }
   ],
   "source": [
    "# Checking now whether there are any missing values or not.\n",
    "np.isnan(lending_co_numeric_NaN).sum() #Since sum is 0 so there are no further missing values in our dataset."
   ]
  },
  {
   "cell_type": "markdown",
   "metadata": {},
   "source": [
    "## Shuffling Data\n",
    "- With the help up of shuffling data we simply move the rows up and down the dataset.\n",
    "- This is ensured to have random rows in the dataset and we can choose a sample from this random data.\n",
    "- However the data in a single row doesn't gets shuffled only the rows move up and down in the dataset."
   ]
  },
  {
   "cell_type": "code",
   "execution_count": 213,
   "metadata": {},
   "outputs": [
    {
     "data": {
      "text/plain": [
       "array([[ 2000.,    40.,   365.,  3121.,  4241., 13621.],\n",
       "       [ 2000.,    40.,   365.,  3061.,  4171., 15041.],\n",
       "       [ 1000.,    40.,   365.,  2160.,  3280., 15340.],\n",
       "       [ 2000.,    40.,   365.,  3041.,  4241., 15321.],\n",
       "       [ 2000.,    50.,   365.,  3470.,  4820., 13720.],\n",
       "       [ 2000.,    40.,   365.,  3201.,  4141., 14141.],\n",
       "       [ 2000.,    50.,   365.,  1851.,  3251., 17701.],\n",
       "       [ 2000.,    40.,   365.,  3971.,  4131., 15351.]])"
      ]
     },
     "execution_count": 213,
     "metadata": {},
     "output_type": "execute_result"
    }
   ],
   "source": [
    "lending_co_numeric = np.loadtxt(\"./Data/Lending-Company-Numeric-Data.csv\",delimiter = ',')[:8] #Loading the starting 8 rows.\n",
    "lending_co_numeric"
   ]
  },
  {
   "cell_type": "code",
   "execution_count": 220,
   "metadata": {},
   "outputs": [],
   "source": [
    "np.random.shuffle(lending_co_numeric) # This shuffles the data in place and thus gives no output."
   ]
  },
  {
   "cell_type": "code",
   "execution_count": 221,
   "metadata": {
    "scrolled": true
   },
   "outputs": [
    {
     "data": {
      "text/plain": [
       "array([[ 2000.,    40.,   365.,  3121.,  4241., 13621.],\n",
       "       [ 2000.,    40.,   365.,  3041.,  4241., 15321.],\n",
       "       [ 2000.,    50.,   365.,  1851.,  3251., 17701.],\n",
       "       [ 2000.,    40.,   365.,  3971.,  4131., 15351.],\n",
       "       [ 2000.,    40.,   365.,  3201.,  4141., 14141.],\n",
       "       [ 2000.,    50.,   365.,  3470.,  4820., 13720.],\n",
       "       [ 2000.,    40.,   365.,  3061.,  4171., 15041.],\n",
       "       [ 1000.,    40.,   365.,  2160.,  3280., 15340.]])"
      ]
     },
     "execution_count": 221,
     "metadata": {},
     "output_type": "execute_result"
    }
   ],
   "source": [
    "lending_co_numeric #Executing above cell many no. of times shuffles the cell many no. of times."
   ]
  },
  {
   "cell_type": "code",
   "execution_count": 224,
   "metadata": {},
   "outputs": [
    {
     "data": {
      "text/plain": [
       "array([[ 2000.,    50.,   365.,  1851.,  3251., 17701.],\n",
       "       [ 2000.,    40.,   365.,  3121.,  4241., 13621.],\n",
       "       [ 2000.,    40.,   365.,  3041.,  4241., 15321.],\n",
       "       [ 2000.,    50.,   365.,  3470.,  4820., 13720.],\n",
       "       [ 1000.,    40.,   365.,  2160.,  3280., 15340.],\n",
       "       [ 2000.,    40.,   365.,  3971.,  4131., 15351.],\n",
       "       [ 2000.,    40.,   365.,  3061.,  4171., 15041.],\n",
       "       [ 2000.,    40.,   365.,  3201.,  4141., 14141.]])"
      ]
     },
     "execution_count": 224,
     "metadata": {},
     "output_type": "execute_result"
    }
   ],
   "source": [
    "from numpy.random import shuffle\n",
    "shuffle(lending_co_numeric) #After importing calling becomes easy.\n",
    "lending_co_numeric"
   ]
  },
  {
   "cell_type": "code",
   "execution_count": 236,
   "metadata": {},
   "outputs": [],
   "source": [
    "from numpy.random import Generator as gen\n",
    "from numpy.random import PCG64 as pcg"
   ]
  },
  {
   "cell_type": "code",
   "execution_count": 247,
   "metadata": {},
   "outputs": [
    {
     "data": {
      "text/plain": [
       "array([[ 2000.,    40.,   365.,  3061.,  4171., 15041.],\n",
       "       [ 2000.,    40.,   365.,  3201.,  4141., 14141.],\n",
       "       [ 1000.,    40.,   365.,  2160.,  3280., 15340.],\n",
       "       [ 2000.,    40.,   365.,  3121.,  4241., 13621.],\n",
       "       [ 2000.,    40.,   365.,  3971.,  4131., 15351.],\n",
       "       [ 2000.,    40.,   365.,  3041.,  4241., 15321.],\n",
       "       [ 2000.,    50.,   365.,  3470.,  4820., 13720.],\n",
       "       [ 2000.,    50.,   365.,  1851.,  3251., 17701.]])"
      ]
     },
     "execution_count": 247,
     "metadata": {},
     "output_type": "execute_result"
    }
   ],
   "source": [
    "array_RG = gen(pcg())\n",
    "array_RG.shuffle(lending_co_numeric)\n",
    "lending_co_numeric"
   ]
  },
  {
   "cell_type": "code",
   "execution_count": 256,
   "metadata": {},
   "outputs": [
    {
     "data": {
      "text/plain": [
       "array([[ 2000.,    40.,   365.,  3041.,  4241., 15321.],\n",
       "       [ 2000.,    40.,   365.,  3121.,  4241., 13621.],\n",
       "       [ 2000.,    50.,   365.,  1851.,  3251., 17701.],\n",
       "       [ 2000.,    40.,   365.,  3971.,  4131., 15351.],\n",
       "       [ 1000.,    40.,   365.,  2160.,  3280., 15340.],\n",
       "       [ 2000.,    40.,   365.,  3061.,  4171., 15041.],\n",
       "       [ 2000.,    50.,   365.,  3470.,  4820., 13720.],\n",
       "       [ 2000.,    40.,   365.,  3201.,  4141., 14141.]])"
      ]
     },
     "execution_count": 256,
     "metadata": {},
     "output_type": "execute_result"
    }
   ],
   "source": [
    "array_RG = gen(pcg(seed  = 365))  # For shuffle fixing a seed also doesn't fix the output, the output still \n",
    "# keeps on changing that's the by default way how shuffle works.\n",
    "array_RG.shuffle(lending_co_numeric)\n",
    "lending_co_numeric"
   ]
  },
  {
   "cell_type": "markdown",
   "metadata": {},
   "source": [
    "## Casting\n",
    "- Casting refers to changing the data type of the elements by using a astype method.\n",
    "- Astype method doesn't work in place."
   ]
  },
  {
   "cell_type": "code",
   "execution_count": 261,
   "metadata": {},
   "outputs": [
    {
     "data": {
      "text/plain": [
       "array([[ 2000,    40,   365,  3041,  4241, 15321],\n",
       "       [ 2000,    40,   365,  3121,  4241, 13621],\n",
       "       [ 2000,    50,   365,  1851,  3251, 17701],\n",
       "       [ 2000,    40,   365,  3971,  4131, 15351],\n",
       "       [ 1000,    40,   365,  2160,  3280, 15340],\n",
       "       [ 2000,    40,   365,  3061,  4171, 15041],\n",
       "       [ 2000,    50,   365,  3470,  4820, 13720],\n",
       "       [ 2000,    40,   365,  3201,  4141, 14141]])"
      ]
     },
     "execution_count": 261,
     "metadata": {},
     "output_type": "execute_result"
    }
   ],
   "source": [
    "lending_co_numeric.astype(np.int32) #converting float to int."
   ]
  },
  {
   "cell_type": "code",
   "execution_count": 262,
   "metadata": {},
   "outputs": [
    {
     "data": {
      "text/plain": [
       "array([[ 2000.,    40.,   365.,  3041.,  4241., 15321.],\n",
       "       [ 2000.,    40.,   365.,  3121.,  4241., 13621.],\n",
       "       [ 2000.,    50.,   365.,  1851.,  3251., 17701.],\n",
       "       [ 2000.,    40.,   365.,  3971.,  4131., 15351.],\n",
       "       [ 1000.,    40.,   365.,  2160.,  3280., 15340.],\n",
       "       [ 2000.,    40.,   365.,  3061.,  4171., 15041.],\n",
       "       [ 2000.,    50.,   365.,  3470.,  4820., 13720.],\n",
       "       [ 2000.,    40.,   365.,  3201.,  4141., 14141.]])"
      ]
     },
     "execution_count": 262,
     "metadata": {},
     "output_type": "execute_result"
    }
   ],
   "source": [
    "lending_co_numeric.astype(np.float64) #converting back to float"
   ]
  },
  {
   "cell_type": "code",
   "execution_count": 266,
   "metadata": {},
   "outputs": [],
   "source": [
    "lending_co_numeric = lending_co_numeric.astype(str)"
   ]
  },
  {
   "cell_type": "code",
   "execution_count": 267,
   "metadata": {},
   "outputs": [
    {
     "ename": "ValueError",
     "evalue": "invalid literal for int() with base 10: '2000.0'",
     "output_type": "error",
     "traceback": [
